F <- c(29.139, 11.921, 13.245, 23.179, 13.245, 6.623, 40.397, 3.974, 1.987, 1.325, 37.086, 33.113, 56.954, 17.219, 41.722, 21.854, 29.139, 9.272, 41.722, 12.583, 12.583, 29.801, 3.974, 50.331, 4.636, 3.311, 4.636, 26.49, 15.232, 7.947, 53.642, 5.96, 25.828, 19.205, 43.046, 25.828, 26.49, 17.881, 32.45, 28.477, 45.033, 52.318, 35.762, 40.397, 8.609, 0.662, 3.974, 0.662, 27.815, 14.57, 8.609, 9.934, 17.219, 6.623, 21.192, 14.57, 23.179, 9.272, 13.245, 2.649, 30.464, 56.954, 17.219, 5.96, 4.636, 31.788, 68.874, 39.073, 37.748, 17.881, 10.596, 9.272, 15.894, 50.331, 25.166, 10.596, 5.96, 1.987, 16.556, 17.881, 15.232, 25.166, 11.258, 17.219, 58.94, 40.397, 40.397, 56.291, 15.894, 1.987, 11.258, 11.258, 29.801, 38.411, 29.139, 17.219, 11.921, 33.113, 33.775, 24.503, 44.371, 82.119, 10.596, 92.053, 12.583, 28.477, 9.272, 7.285, 9.272, 74.834, 32.45, 19.205, 19.205, 26.49, 31.126, 8.609, 21.192, 9.934, 5.96, 17.881, 5.96, 29.139, 17.219, 7.285, 20.53, 9.934, 25.828, 8.609, 4.636, 49.669, 15.232, 19.205, 19.205, 15.232, 12.583, 4.636, 4.636, 13.907, 29.801, 10.596, 76.159, 0.662, 41.722, 3.974, 9.934, 26.49, 11.258, 19.868, 19.205, 9.934, 29.139, 16.556, 1.987, 0.662, 0.662, 47.02, 0.662, 22.517, 15.894, 16.556, 21.854, 23.179, 46.358, 7.947, 1.987, 5.96, 5.96, 17.55, 35.099, 50.993, 27.152, 7.285, 9.272, 37.748, 82.781, 29.801, 25.166, 70.861, 25.828, 13.907, 7.947, 37.748, 15.894, 3.311, 17.219, 18.543, 13.245, 6.623, 25.828, 12.583, 13.245, 13.245, 26.49, 19.205, 18.543, 22.517, 10.596, 11.258, 1.325, 26.49, 32.45, 62.914, 9.272, 34.437, 41.06, 6.623, 7.285, 44.371, 45.033, 10.596, 9.272, 15.894, 0.662, 5.96, 17.881, 19.205, 44.371, 13.907, 8.609, 29.801, 29.801, 53.642, 9.934, 13.907, 27.152, 27.152, 25.166, 61.589, 17.881, 6.623, 24.503, 25.166, 49.007, 58.94, 22.517, 28.477, 12.583, 24.503, 17.219, 58.94, 56.291, 23.179, 21.854, 16.556, 32.45, 3.311, 1.325, 2.649, 43.709, 15.232, 24.503, 15.894, 9.934, 12.583, 10.596, 3.311, 42.384, 10.596, 33.113, 9.934, 14.57, 11.258, 3.974, 1.325, 0.0, 5.298, 6.623, 11.921, 7.947, 29.801, 9.934, 27.152, 16.556, 35.099, 25.166, 38.411, 49.669, 32.45, 3.974, 58.94, 25.828, 32.45, 29.139, 1.325, 47.02, 15.232, 33.775, 7.947, 5.298, 6.623, 5.298, 11.921, 53.642, 2.649, 0.662, 19.868, 25.828, 92.715, 9.934, 27.815, 3.311, 47.02, 3.974, 1.325, 4.636, 3.974, 5.96, 15.894, 28.477, 19.868, 23.841, 27.152, 19.205, 47.682, 24.503, 3.311, 21.854, 31.126, 35.099, 42.384, 8.609, 9.934, 52.318, 16.556, 2.649, 3.974, 30.464, 7.947, 19.205, 16.556, 15.232, 19.868, 7.285, 1.325, 17.219, 29.139, 6.623, 76.159, 21.192, 19.868, 48.344, 27.152, 22.517, 12.583, 13.907, 62.914, 54.305, 11.258, 4.636, 11.921, 29.139, 11.258, 26.49, 43.046, 50.993, 17.219, 80.795, 7.285, 5.96, 11.258, 4.636, 100.0, 14.57, 35.762, 6.623, 11.921, 6.623, 9.272, 17.881, 8.609, 11.258, 7.947, 25.166, 9.934, 5.96, 35.099, 29.801, 36.424, 7.947, 15.894, 25.828, 39.073, 12.583, 35.762, 3.311, 45.033, 32.45, 3.046, 37.086, 21.192, 12.583, 36.424, 21.192, 23.841, 20.53, 22.517, 21.192, 5.298, 25.828, 7.947, 10.596, 7.285, 29.139, 20.53, 23.841, 12.583, 23.841, 74.834, 18.543, 45.033, 25.166, 13.907, 18.543, 18.543, 3.311, 7.947, 28.477, 7.947, 25.828, 18.543, 9.934, 50.993, 9.272, 47.02, 5.96, 16.556, 11.258, 47.02, 30.464, 11.921, 4.636, 72.848, 12.583, 5.96, 12.583, 5.96, 12.583, 3.311, 16.556, 61.589, 25.828, 21.854, 19.205, 29.139, 14.57, 9.934, 46.358, 12.583, 5.298, 5.96, 5.96, 37.086, 11.258, 33.113, 17.219, 25.828, 25.828, 22.517, 5.96, 7.947, 8.609, 15.894, 11.258, 10.265, 3.311, 4.636, 12.583, 3.974, 3.311, 13.245, 29.139, 22.517, 18.543, 34.437, 11.258, 22.517, 21.192, 2.649, 40.397, 2.649, 3.974, 8.609, 0.662, 3.477, 31.126, 12.583, 25.166, 15.894, 9.934, 8.609, 10.596, 13.245, 61.589, 9.272, 15.894, 5.298, 15.894, 5.96, 8.609, 8.609, 3.974, 25.828, 58.94, 9.272, 5.96, 22.517, 22.517, 15.894, 44.371, 29.139, 9.934, 21.854, 38.411, 11.258, 3.974, 48.344, 7.285, 5.298, 15.894, 31.126, 3.311, 11.258, 8.609, 3.974, 10.596, 9.934, 27.152, 29.801, 9.272, 7.947, 41.06, 13.907, 11.258, 15.232, 15.894, 4.636, 32.45, 2.649, 0.662, 1.325, 12.583, 12.583, 11.921, 13.245, 23.179, 5.96, 24.503, 29.801, 42.384, 43.046, 25.828, 10.596, 9.934, 26.49, 12.583, 4.636, 56.954, 16.556, 60.927, 55.629, 25.828, 15.894, 25.828, 25.166, 31.126, 64.901, 43.046, 21.192, 18.543, 7.285, 10.596, 25.828, 5.96, 56.954, 2.649, 5.96, 0.662, 3.311, 19.868, 17.219, 14.57, 12.583, 12.583, 19.205, 9.272, 48.344, 32.45, 35.762, 23.841, 19.868, 10.596, 13.245, 16.556, 46.358, 7.285, 14.57, 6.623, 16.556, 18.543, 47.02, 48.344, 7.285, 47.682, 2.649, 2.649, 10.596, 17.219, 9.934, 5.96, 12.583, 16.556, 17.219, 5.96, 60.927, 9.934, 3.974, 3.974, 16.556, 33.113, 19.868, 23.179, 0.662, 25.166, 16.556, 41.722, 2.649, 5.298, 3.974, 23.179, 21.192, 13.245, 16.556, 21.192, 45.695, 31.788, 6.623, 85.43, 25.828, 7.947, 14.57, 47.02, 23.179, 7.947, 31.788, 3.311, 11.921, 24.503, 61.589, 35.762, 29.139, 21.192, 48.344, 29.801, 5.96, 8.609, 50.993, 3.974, 29.139, 27.152, 55.629, 32.45, 31.788, 17.881, 9.934, 15.232, 5.298, 
       57.616, 0.662, 48.344, 2.649, 92.053, 44.371, 13.245, 43.046, 31.126, 16.556, 11.258, 9.272, 32.45, 42.384, 10.596, 41.06, 17.881, 12.583, 17.881, 4.636, 9.272, 4.636, 14.57, 14.57, 19.205, 14.57, 10.596, 5.298, 23.179, 15.894, 25.828, 9.272, 7.285, 13.245, 10.596, 38.411, 16.556, 22.517, 25.828, 12.583, 9.934, 5.96, 63.576, 25.166, 21.192, 23.841, 7.947, 45.695, 48.344, 16.556, 9.272, 10.596, 31.788, 4.636, 23.179, 7.947, 49.007, 3.311, 10.596, 23.179, 18.543, 42.384, 22.517, 71.523, 29.139, 2.649, 7.947, 41.722, 9.934, 12.583, 21.854, 26.49, 13.907, 6.623, 7.947, 3.311, 13.245, 49.007, 35.099, 22.517, 5.96, 0.0, 13.907, 29.139, 0.662, 19.205, 13.907, 39.073, 38.411, 18.543, 26.49, 0.0, 17.219, 59.603, 5.96, 1.987, 9.934, 8.609, 6.623, 64.238, 9.272, 55.629, 34.437, 7.285, 5.96, 54.967, 56.291, 44.371, 11.258, 21.854, 11.921, 2.649, 2.649, 8.609, 22.517, 17.881, 21.192, 57.616, 8.609, 14.57, 29.139, 6.623, 18.543, 26.49, 17.219, 33.113, 9.934, 11.258, 61.589, 17.881, 17.881, 11.258, 27.152, 7.947, 9.934, 5.96, 53.642, 74.834, 7.285, 23.841, 1.987, 60.927, 15.894, 3.311, 11.258, 23.841, 13.907, 39.073, 9.272, 39.073, 17.219, 45.695, 15.894, 18.543, 3.311, 23.179, 13.907, 6.623, 11.921, 1.987, 7.947, 27.815, 31.126, 39.735, 23.841, 11.921, 2.649, 19.868, 65.563, 21.854, 14.57, 15.894, 12.583, 13.245, 8.609, 4.636, 13.245, 26.49, 11.258, 24.503, 11.258, 21.854, 2.649, 15.232, 2.649, 25.828, 19.868, 7.285, 3.311, 28.477, 27.152, 7.947, 47.02, 4.636, 47.02, 7.947, 0.662, 7.947, 0.662, 23.179, 3.311, 9.272, 3.311, 7.947, 6.623, 6.623, 4.636, 21.192, 9.934, 80.795, 0.662, 19.205, 1.325, 17.881, 8.609, 11.258, 2.649, 49.007, 82.781, 2.649, 9.934, 17.219, 43.046, 20.53, 31.788, 3.311, 12.583, 4.636, 11.921, 13.907, 13.907, 43.709, 5.298, 38.411, 50.331, 45.695, 12.583, 12.583, 7.947, 3.974, 10.596, 11.921, 6.623, 14.57, 5.96, 9.272, 12.583, 11.258, 2.649, 7.947, 28.477, 28.477, 37.086, 17.881, 4.636, 66.225, 5.96, 9.934, 1.325, 35.099, 31.126, 29.801, 29.139, 34.437, 16.556, 35.762, 2.649, 17.219, 28.477, 18.543, 14.57, 17.219, 17.219, 51.656, 7.285, 51.656, 51.656, 10.596, 60.265, 70.861, 11.921, 21.192, 13.245, 65.563, 31.788, 23.179, 74.172, 33.709, 20.464, 20.53, 58.278, 3.974, 31.192, 28.146, 17.219, 24.503, 10.596, 21.192, 8.609, 33.709, 8.609, 41.06, 24.669, 54.967, 13.907, 21.192)

