F <- c(0.291, 0.119, 0.132, 0.232, 0.132, 0.066, 0.404, 0.04, 0.02, 0.013, 0.371, 0.331, 0.57, 0.172, 0.417, 0.219, 0.291, 0.093, 0.417, 0.126, 0.126, 0.298, 0.04, 0.503, 0.046, 0.033, 0.046, 0.265, 0.152, 0.079, 0.536, 0.06, 0.258, 0.192, 0.43, 0.258, 0.265, 0.179, 0.325, 0.285, 0.45, 0.523, 0.358, 0.404, 0.086, 0.007, 0.04, 0.007, 0.278, 0.146, 0.086, 0.099, 0.172, 0.066, 0.212, 0.146, 0.232, 0.093, 0.132, 0.026, 0.305, 0.57, 0.172, 0.06, 0.046, 0.318, 0.689, 0.391, 0.377, 0.179, 0.106, 0.093, 0.159, 0.503, 0.252, 0.106, 0.06, 0.02, 0.166, 0.179, 0.152, 0.252, 0.113, 0.172, 0.589, 0.404, 0.404, 0.563, 0.159, 0.02, 0.113, 0.113, 0.298, 0.384, 0.291, 0.172, 0.119, 0.331, 0.338, 0.245, 0.444, 0.821, 0.106, 0.921, 0.126, 0.285, 0.093, 0.073, 0.093, 0.748, 0.325, 0.192, 0.192, 0.265, 0.311, 0.086, 0.212, 0.099, 0.06, 0.179, 0.06, 0.291, 0.172, 0.073, 0.205, 0.099, 0.258, 0.086, 0.046, 0.497, 0.152, 0.192, 0.192, 0.152, 0.126, 0.046, 0.046, 0.139, 0.298, 0.106, 0.762, 0.007, 0.417, 0.04, 0.099, 0.265, 0.113, 0.199, 0.192, 0.099, 0.291, 0.166, 0.02, 0.007, 0.007, 0.47, 0.007, 0.225, 0.159, 0.166, 0.219, 0.232, 0.464, 0.079, 0.02, 0.06, 0.06, 0.175, 0.351, 0.51, 0.272, 0.073, 0.093, 0.377, 0.828, 0.298, 0.252, 0.709, 0.258, 0.139, 0.079, 0.377, 0.159, 0.033, 0.172, 0.185, 0.132, 0.066, 0.258, 0.126, 0.132, 0.132, 0.265, 0.192, 0.185, 0.225, 0.106, 0.113, 0.013, 0.265, 0.325, 0.629, 0.093, 0.344, 0.411, 0.066, 0.073, 0.444, 0.45, 0.106, 0.093, 0.159, 0.007, 0.06, 0.179, 0.192, 0.444, 0.139, 0.086, 0.298, 0.298, 0.536, 0.099, 0.139, 0.272, 0.272, 0.252, 0.616, 0.179, 0.066, 0.245, 0.252, 0.49, 0.589, 0.225, 0.285, 0.126, 0.245, 0.172, 0.589, 0.563, 0.232, 0.219, 0.166, 0.325, 0.033, 0.013, 0.026, 0.437, 0.152, 0.245, 0.159, 0.099, 0.126, 0.106, 0.033, 0.424, 0.106, 0.331, 0.099, 0.146, 0.113, 0.04, 0.013, 0.0, 0.053, 0.066, 0.119, 0.079, 0.298, 0.099, 0.272, 0.166, 0.351, 0.252, 0.384, 0.497, 0.325, 0.04, 0.589, 0.258, 0.325, 0.291, 0.013, 0.47, 0.152, 0.338, 0.079, 0.053, 0.066, 0.053, 0.119, 0.536, 0.026, 0.007, 0.199, 0.258, 0.927, 0.099, 0.278, 0.033, 0.47, 0.04, 0.013, 0.046, 0.04, 0.06, 0.159, 0.285, 0.199, 0.238, 0.272, 0.192, 0.477, 0.245, 0.033, 0.219, 0.311, 0.351, 0.424, 0.086, 0.099, 0.523, 0.166, 0.026, 0.04, 0.305, 0.079, 0.192, 0.166, 0.152, 0.199, 0.073, 0.013, 0.172, 0.291, 0.066, 0.762, 0.212, 0.199, 0.483, 0.272, 0.225, 0.126, 0.139, 0.629, 0.543, 0.113, 0.046, 0.119, 0.291, 0.113, 0.265, 0.43, 0.51, 0.172, 0.808, 0.073, 0.06, 0.113, 0.046, 1.0, 0.146, 0.358, 0.066, 0.119, 0.066, 0.093, 0.179, 0.086, 0.113, 0.079, 0.252, 0.099, 0.06, 0.351, 0.298, 0.364, 0.079, 0.159, 0.258, 0.391, 0.126, 0.358, 0.033, 0.45, 0.325, 0.03, 0.371, 0.212, 0.126, 0.364, 0.212, 0.238, 0.205, 0.225, 0.212, 0.053, 0.258, 0.079, 0.106, 0.073, 0.291, 0.205, 0.238, 0.126, 0.238, 0.748, 0.185, 0.45, 0.252, 0.139, 0.185, 0.185, 0.033, 0.079, 0.285, 0.079, 0.258, 0.185, 0.099, 0.51, 0.093, 0.47, 0.06, 0.166, 0.113, 0.47, 0.305, 0.119, 0.046, 0.728, 0.126, 0.06, 0.126, 0.06, 0.126, 0.033, 0.166, 0.616, 0.258, 0.219, 0.192, 0.291, 0.146, 0.099, 0.464, 0.126, 0.053, 0.06, 0.06, 0.371, 0.113, 0.331, 0.172, 0.258, 0.258, 0.225, 0.06, 0.079, 0.086, 0.159, 0.113, 0.103, 0.033, 0.046, 0.126, 0.04, 0.033, 0.132, 0.291, 0.225, 0.185, 0.344, 0.113, 0.225, 0.212, 0.026, 0.404, 0.026, 0.04, 0.086, 0.007, 0.035, 0.311, 0.126, 0.252, 0.159, 0.099, 0.086, 0.106, 0.132, 0.616, 0.093, 0.159, 0.053, 0.159, 0.06, 0.086, 0.086, 0.04, 0.258, 0.589, 0.093, 0.06, 0.225, 0.225, 0.159, 0.444, 0.291, 0.099, 0.219, 0.384, 0.113, 0.04, 0.483, 0.073, 0.053, 0.159, 0.311, 0.033, 0.113, 0.086, 0.04, 0.106, 0.099, 0.272, 0.298, 0.093, 0.079, 0.411, 0.139, 0.113, 0.152, 0.159, 0.046, 0.325, 0.026, 0.007, 0.013, 0.126, 0.126, 0.119, 0.132, 0.232, 0.06, 0.245, 0.298, 0.424, 0.43, 0.258, 0.106, 0.099, 0.265, 0.126, 0.046, 0.57, 0.166, 0.609, 0.556, 0.258, 0.159, 0.258, 0.252, 0.311, 0.649, 0.43, 0.212, 0.185, 0.073, 0.106, 0.258, 0.06, 0.57, 0.026, 0.06, 0.007, 0.033, 0.199, 0.172, 0.146, 0.126, 0.126, 0.192, 0.093, 0.483, 0.325, 0.358, 0.238, 0.199, 0.106, 0.132, 0.166, 0.464, 0.073, 0.146, 0.066, 0.166, 0.185, 0.47, 0.483, 0.073, 0.477, 0.026, 0.026, 0.106, 0.172, 0.099, 0.06, 0.126, 0.166, 0.172, 0.06, 0.609, 0.099, 0.04, 0.04, 0.166, 0.331, 0.199, 0.232, 0.007, 0.252, 0.166, 0.417, 0.026, 0.053, 0.04, 0.232, 0.212, 0.132, 0.166, 0.212, 0.457, 0.318, 0.066, 0.854, 0.258, 0.079, 0.146, 0.47, 0.232, 0.079, 0.318, 0.033, 0.119, 0.245, 0.616, 0.358, 0.291, 0.212, 0.483, 0.298, 0.06, 0.086, 0.51, 0.04, 0.291, 0.272, 0.556, 0.325, 0.318, 0.179, 0.099, 0.152, 0.053, 
       0.576, 0.007, 0.483, 0.026, 0.921, 0.444, 0.132, 0.43, 0.311, 0.166, 0.113, 0.093, 0.325, 0.424, 0.106, 0.411, 0.179, 0.126, 0.179, 0.046, 0.093, 0.046, 0.146, 0.146, 0.192, 0.146, 0.106, 0.053, 0.232, 0.159, 0.258, 0.093, 0.073, 0.132, 0.106, 0.384, 0.166, 0.225, 0.258, 0.126, 0.099, 0.06, 0.636, 0.252, 0.212, 0.238, 0.079, 0.457, 0.483, 0.166, 0.093, 0.106, 0.318, 0.046, 0.232, 0.079, 0.49, 0.033, 0.106, 0.232, 0.185, 0.424, 0.225, 0.715, 0.291, 0.026, 0.079, 0.417, 0.099, 0.126, 0.219, 0.265, 0.139, 0.066, 0.079, 0.033, 0.132, 0.49, 0.351, 0.225, 0.06, 0.0, 0.139, 0.291, 0.007, 0.192, 0.139, 0.391, 0.384, 0.185, 0.265, 0.0, 0.172, 0.596, 0.06, 0.02, 0.099, 0.086, 0.066, 0.642, 0.093, 0.556, 0.344, 0.073, 0.06, 0.55, 0.563, 0.444, 0.113, 0.219, 0.119, 0.026, 0.026, 0.086, 0.225, 0.179, 0.212, 0.576, 0.086, 0.146, 0.291, 0.066, 0.185, 0.265, 0.172, 0.331, 0.099, 0.113, 0.616, 0.179, 0.179, 0.113, 0.272, 0.079, 0.099, 0.06, 0.536, 0.748, 0.073, 0.238, 0.02, 0.609, 0.159, 0.033, 0.113, 0.238, 0.139, 0.391, 0.093, 0.391, 0.172, 0.457, 0.159, 0.185, 0.033, 0.232, 0.139, 0.066, 0.119, 0.02, 0.079, 0.278, 0.311, 0.397, 0.238, 0.119, 0.026, 0.199, 0.656, 0.219, 0.146, 0.159, 0.126, 0.132, 0.086, 0.046, 0.132, 0.265, 0.113, 0.245, 0.113, 0.219, 0.026, 0.152, 0.026, 0.258, 0.199, 0.073, 0.033, 0.285, 0.272, 0.079, 0.47, 0.046, 0.47, 0.079, 0.007, 0.079, 0.007, 0.232, 0.033, 0.093, 0.033, 0.079, 0.066, 0.066, 0.046, 0.212, 0.099, 0.808, 0.007, 0.192, 0.013, 0.179, 0.086, 0.113, 0.026, 0.49, 0.828, 0.026, 0.099, 0.172, 0.43, 0.205, 0.318, 0.033, 0.126, 0.046, 0.119, 0.139, 0.139, 0.437, 0.053, 0.384, 0.503, 0.457, 0.126, 0.126, 0.079, 0.04, 0.106, 0.119, 0.066, 0.146, 0.06, 0.093, 0.126, 0.113, 0.026, 0.079, 0.285, 0.285, 0.371, 0.179, 0.046, 0.662, 0.06, 0.099, 0.013, 0.351, 0.311, 0.298, 0.291, 0.344, 0.166, 0.358, 0.026, 0.172, 0.285, 0.185, 0.146, 0.172, 0.172, 0.517, 0.073, 0.517, 0.517, 0.106, 0.603, 0.709, 0.119, 0.212, 0.132, 0.656, 0.318, 0.232, 0.742, 0.337, 0.205, 0.205, 0.583, 0.04, 0.312, 0.281, 0.172, 0.245, 0.106, 0.212, 0.086, 0.337, 0.086, 0.411, 0.247, 0.55, 0.139, 0.212)
H <- c(0.11, 0.102, 0.078, 0.094, 0.101, 0.107, 0.069, 0.073, 0.066, 0.083, 0.103, 0.121, 0.114, 0.111, 0.107, 0.051, 0.103, 0.0, 0.086, 0.094, 0.086, 0.052, 0.094, 0.131, 0.096, 0.09, 0.09, 0.105, 0.087, 0.099, 0.093, 0.096, 0.111, 0.124, 0.1, 0.1, 0.115, 0.105, 0.111, 0.079, 0.079, 0.105, 0.048, 0.087, 0.108, 0.079, 0.087, 0.094, 0.087, 0.101, 0.092, 0.103, 0.087, 0.088, 0.079, 0.091, 0.103, 0.105, 0.099, 0.121, 0.087, 0.101, 0.072, 0.075, 0.082, 0.08, 0.098, 0.105, 0.107, 0.085, 0.102, 0.1, 0.08, 0.106, 0.113, 0.118, 0.088, 0.098, 0.121, 0.101, 0.09, 0.096, 0.108, 0.121, 0.104, 0.092, 0.087, 0.08, 0.074, 0.096, 0.085, 0.105, 0.095, 0.121, 0.116, 0.097, 0.097, 0.105, 0.095, 0.096, 0.106, 0.101, 0.114, 0.111, 0.102, 0.102, 0.083, 0.107, 0.091, 0.103, 0.098, 0.117, 0.106, 0.12, 0.093, 0.063, 0.073, 0.102, 0.092, 0.098, 0.086, 0.101, 0.083, 0.067, 0.069, 0.067, 0.068, 0.114, 0.112, 0.105, 0.101, 0.064, 0.101, 0.079, 0.089, 0.07, 0.098, 0.101, 0.075, 1.0, 0.002, 0.118)
